RunID,Strategy,TotalSteps,TotalTime,AvgTimePerAgent,MaxTime,MinTime,StdTime,EvacuatedCount
run001,Probabilistic,92,27.61,0.03,23.10,0.60,9.15,1043
